{"directed": true, "multigraph": false, "graph": {}, "nodes": [{"label": "world", "has_children": true, "part_type": "ASSEMBLY", "id": "world"}, {"label": "00474312_Dichtung_Seal", "geom_name": "00474312_Dichtung_Seal", "has_children": false, "part_type": "PART", "id": "00474312_Dichtung_Seal"}, {"label": "00473834_Dichtung_Seal_unten", "geom_name": "00473834_Dichtung_Seal_unten", "has_children": false, "part_type": "PART", "id": "00473834_Dichtung_Seal_unten"}, {"label": "00473833_Dichtung_Seal_Mitte", "geom_name": "00473833_Dichtung_Seal_Mitte", "has_children": false, "part_type": "PART", "id": "00473833_Dichtung_Seal_Mitte"}, {"label": "00473830_Turbine_Turbine", "has_children": true, "part_type": "ASSEMBLY", "id": "00473830_Turbine_Turbine"}, {"label": "10494566", "geom_name": "10494566", "has_children": false, "part_type": "PART", "id": "10494566"}, {"label": "10494565", "has_children": true, "part_type": "ASSEMBLY", "id": "10494565"}, {"label": "OBROC_ZUNANJI_608_1", "geom_name": "OBROC_ZUNANJI_608_1", "has_children": false, "part_type": "PART", "id": "OBROC_ZUNANJI_608_1"}, {"label": "OBROC_NOTRANJI_608_1", "geom_name": "OBROC_NOTRANJI_608_1", "has_children": false, "part_type": "PART", "id": "OBROC_NOTRANJI_608_1"}, {"label": "OBROC_LEVI_608_1", "geom_name": "OBROC_LEVI_608_1", "has_children": false, "part_type": "PART", "id": "OBROC_LEVI_608_1"}, {"label": "OBROC_DESNI_608_1", "geom_name": "OBROC_DESNI_608_1", "has_children": false, "part_type": "PART", "id": "OBROC_DESNI_608_1"}, {"label": "KROGLICA_608_1.7", "geom_name": "KROGLICA_608_1.7", "has_children": false, "part_type": "PART", "id": "KROGLICA_608_1.7"}, {"label": "KROGLICA_608_1.6", "geom_name": "KROGLICA_608_1.6", "has_children": false, "part_type": "PART", "id": "KROGLICA_608_1.6"}, {"label": "KROGLICA_608_1.5", "geom_name": "KROGLICA_608_1.5", "has_children": false, "part_type": "PART", "id": "KROGLICA_608_1.5"}, {"label": "KROGLICA_608_1.4", "geom_name": "KROGLICA_608_1.4", "has_children": false, "part_type": "PART", "id": "KROGLICA_608_1.4"}, {"label": "KROGLICA_608_1.3", "geom_name": "KROGLICA_608_1.3", "has_children": false, "part_type": "PART", "id": "KROGLICA_608_1.3"}, {"label": "KROGLICA_608_1.2", "geom_name": "KROGLICA_608_1.2", "has_children": false, "part_type": "PART", "id": "KROGLICA_608_1.2"}, {"label": "KROGLICA_608_1.1", "geom_name": "KROGLICA_608_1.1", "has_children": false, "part_type": "PART", "id": "KROGLICA_608_1.1"}, {"label": "KROGLICA_608_1", "geom_name": "KROGLICA_608_1", "has_children": false, "part_type": "PART", "id": "KROGLICA_608_1"}, {"label": "10494563", "has_children": true, "part_type": "ASSEMBLY", "id": "10494563"}, {"label": "C3474380_KONTAKT_CT_N", "geom_name": "C3474380_KONTAKT_CT_N", "has_children": false, "part_type": "PART", "id": "C3474380_KONTAKT_CT_N.1"}, {"label": "C3474380_KONTAKT_CT_N.001", "geom_name": "C3474380_KONTAKT_CT_N.001", "has_children": false, "part_type": "PART", "id": "C3474380_KONTAKT_CT_N"}, {"label": "C2474380_KONTAKTFEDER_CT_N", "geom_name": "C2474380_KONTAKTFEDER_CT_N", "has_children": false, "part_type": "PART", "id": "C2474380_KONTAKTFEDER_CT_N.1"}, {"label": "C2474380_KONTAKTFEDER_CT_N.001", "geom_name": "C2474380_KONTAKTFEDER_CT_N.001", "has_children": false, "part_type": "PART", "id": "C2474380_KONTAKTFEDER_CT_N"}, {"label": "C1474380_STATOR_CT_N", "geom_name": "C1474380_STATOR_CT_N", "has_children": false, "part_type": "PART", "id": "C1474380_STATOR_CT_N"}, {"label": "10494561.002", "geom_name": "10494561.002", "has_children": false, "part_type": "PART", "id": "10494561.1"}, {"label": "10494561.1", "geom_name": "10494561.1", "has_children": false, "part_type": "PART", "id": "10494561"}, {"label": "10494560", "geom_name": "10494560", "has_children": false, "part_type": "PART", "id": "10494560"}, {"label": "10494554", "geom_name": "10494554", "has_children": false, "part_type": "SCREW", "id": "10494554"}, {"label": "10494553", "geom_name": "10494553", "has_children": false, "part_type": "PART", "id": "10494553"}, {"label": "10494551", "geom_name": "10494551", "has_children": false, "part_type": "PART", "id": "10494551"}, {"label": "10494549", "geom_name": "10494549", "has_children": false, "part_type": "PART", "id": "10494549"}, {"label": "10493728.1", "has_children": true, "part_type": "ASSEMBLY", "id": "10493728.1"}, {"label": "4631475A00_VODILO_SCETKE_1.001", "geom_name": "4631475A00_VODILO_SCETKE_1.001", "has_children": false, "part_type": "PART", "id": "4631475A00_VODILO_SCETKE_1.001"}, {"label": "4631465A13_SCETKA_1.001", "has_children": true, "part_type": "ASSEMBLY", "id": "4631465A13_SCETKA_1.001"}, {"label": "4631465A13_SCETKA_1.001", "geom_name": "4631465A13_SCETKA_1.001", "has_children": false, "part_type": "PART", "id": "4631465A13_SCETKA_1.001_4872e6"}, {"label": "4631465A13_SCETKA_1.001_1", "geom_name": "4631465A13_SCETKA_1.001_1", "has_children": false, "part_type": "PART", "id": "4631465A13_SCETKA_1.001_e50b4c"}, {"label": "10493728", "has_children": true, "part_type": "ASSEMBLY", "id": "10493728"}, {"label": "4631475A00_VODILO_SCETKE_1", "geom_name": "4631475A00_VODILO_SCETKE_1", "has_children": false, "part_type": "PART", "id": "4631475A00_VODILO_SCETKE_1"}, {"label": "4631465A13_SCETKA_1", "has_children": true, "part_type": "ASSEMBLY", "id": "4631465A13_SCETKA_1"}, {"label": "4631465A13_SCETKA_1", "geom_name": "4631465A13_SCETKA_1", "has_children": false, "part_type": "PART", "id": "4631465A13_SCETKA_1_3d76b3"}, {"label": "4631465A13_SCETKA_2", "geom_name": "4631465A13_SCETKA_2", "has_children": false, "part_type": "PART", "id": "4631465A13_SCETKA_1_ec310c"}], "links": [{"geometry": "00474312_Dichtung_Seal", "matrix": [[1.685873971535301e-07, 0.0, 0.9999999999999857, -0.09376927465200424], [0.0, 1.0, 0.0, -0.05122775211930275], [-0.9999999999999857, 0.0, 1.685873971535301e-07, 0.13700003921985626], [0.0, 0.0, 0.0, 1.0]], "source": "world", "target": "00474312_Dichtung_Seal"}, {"geometry": "00473834_Dichtung_Seal_unten", "matrix": [[-1.0000000000000004, 0.0, 7.498423272066168e-19, 0.17577078938484192], [0.0, 1.0, 0.0, -0.4780668616294861], [-7.498423272066168e-19, 0.0, -1.0000000000000004, -0.019322585314512253], [0.0, 0.0, 0.0, 1.0]], "source": "world", "target": "00473834_Dichtung_Seal_unten"}, {"geometry": "00473833_Dichtung_Seal_Mitte", "matrix": [[-1.0000000000000004, 0.0, 7.5132830547828e-19, 0.17577078938484192], [0.0, 1.0, 0.0, -0.471807062625885], [-7.5132830547828e-19, 0.0, -1.0000000000000004, -0.019322583451867104], [0.0, 0.0, 0.0, 1.0]], "source": "world", "target": "00473833_Dichtung_Seal_Mitte"}, {"matrix": [[1.0, 0.0, 0.0, -0.35829392075538635], [0.0, 1.0, 0.0, -0.4775668680667877], [0.0, 0.0, 1.0, -0.010677449405193329], [0.0, 0.0, 0.0, 1.0]], "source": "world", "target": "00473830_Turbine_Turbine"}, {"geometry": "10494566", "matrix": [[0.0, 5.393671878950733e-15, 1.0, 0.2645401954650879], [-5.393671878950733e-15, -1.0, 5.393671878950733e-15, 0.4143674373626709], [1.0, -5.393671878950733e-15, 0.0, -0.004297323524951935], [0.0, 0.0, 0.0, 1.0]], "source": "00473830_Turbine_Turbine", "target": "10494566"}, {"matrix": [[0.0, 5.393671878950733e-15, 1.0, 0.2645401954650879], [-5.393671878950733e-15, -1.0, 5.393671878950733e-15, 0.4354800581932068], [1.0, -5.393671878950733e-15, 0.0, -0.004297323524951935], [0.0, 0.0, 0.0, 1.0]], "source": "00473830_Turbine_Turbine", "target": "10494565"}, {"matrix": [[-1.0000000000000004, 0.0, 2.497074099044993e-28, 0.41655218601226807], [0.0, 1.0, 0.0, 0.42676541209220886], [-2.497074099044993e-28, 0.0, -1.0000000000000004, -0.004322566092014313], [0.0, 0.0, 0.0, 1.0]], "source": "00473830_Turbine_Turbine", "target": "10494563"}, {"geometry": "10494561.002", "matrix": [[0.0, -2.302803395779707e-14, -1.0, 0.2645401954650879], [2.302803395779707e-14, -1.0, 2.302803395779707e-14, 0.445080041885376], [-1.0, -2.302803395779707e-14, 0.0, -0.004297323524951935], [0.0, 0.0, 0.0, 1.0]], "source": "00473830_Turbine_Turbine", "target": "10494561.1"}, {"geometry": "10494561.1", "matrix": [[0.0, 5.393671878950733e-15, 1.0, 0.2645401954650879], [-5.393671878950733e-15, -1.0, 5.393671878950733e-15, 0.445080041885376], [1.0, -5.393671878950733e-15, 0.0, -0.004297323524951935], [0.0, 0.0, 0.0, 1.0]], "source": "00473830_Turbine_Turbine", "target": "10494561"}, {"geometry": "10494560", "matrix": [[0.0, 5.393671878950733e-15, 1.0, 0.2645401954650879], [-5.393671878950733e-15, -1.0, 5.393671878950733e-15, 0.4354800581932068], [1.0, -5.393671878950733e-15, 0.0, -0.004297323524951935], [0.0, 0.0, 0.0, 1.0]], "source": "00473830_Turbine_Turbine", "target": "10494560"}, {"geometry": "10494554", "matrix": [[0.0, 5.393671878950733e-15, 1.0, 0.2645401954650879], [-5.393671878950733e-15, -1.0, 5.393671878950733e-15, 0.4354800581932068], [1.0, -5.393671878950733e-15, 0.0, -0.004297323524951935], [0.0, 0.0, 0.0, 1.0]], "source": "00473830_Turbine_Turbine", "target": "10494554"}, {"geometry": "10494553", "matrix": [[0.0, 5.393671878950733e-15, 1.0, 0.2645401954650879], [-5.393671878950733e-15, -1.0, 5.393671878950733e-15, 0.4354800581932068], [1.0, -5.393671878950733e-15, 0.0, -0.004297323524951935], [0.0, 0.0, 0.0, 1.0]], "source": "00473830_Turbine_Turbine", "target": "10494553"}, {"geometry": "10494551", "matrix": [[0.0, 5.393671878950733e-15, 1.0, 0.2645401954650879], [-5.393671878950733e-15, -1.0, 5.393671878950733e-15, 0.4354800581932068], [1.0, -5.393671878950733e-15, 0.0, -0.004297323524951935], [0.0, 0.0, 0.0, 1.0]], "source": "00473830_Turbine_Turbine", "target": "10494551"}, {"geometry": "10494549", "matrix": [[0.0, 5.393671878950733e-15, 1.0, 0.2645401954650879], [-5.393671878950733e-15, -1.0, 5.393671878950733e-15, 0.4354800581932068], [1.0, -5.393671878950733e-15, 0.0, -0.004297323524951935], [0.0, 0.0, 0.0, 1.0]], "source": "00473830_Turbine_Turbine", "target": "10494549"}, {"matrix": [[0.0, -2.302803395779707e-14, -1.0, 0.2645401954650879], [2.302803395779707e-14, -1.0, 2.302803395779707e-14, 0.4354800581932068], [-1.0, -2.302803395779707e-14, 0.0, -0.004297323524951935], [0.0, 0.0, 0.0, 1.0]], "source": "00473830_Turbine_Turbine", "target": "10493728.1"}, {"matrix": [[0.0, 5.393671878950733e-15, 1.0, 0.2645401954650879], [-5.393671878950733e-15, -1.0, 5.393671878950733e-15, 0.4354800581932068], [1.0, -5.393671878950733e-15, 0.0, -0.004297323524951935], [0.0, 0.0, 0.0, 1.0]], "source": "00473830_Turbine_Turbine", "target": "10493728"}, {"geometry": "OBROC_ZUNANJI_608_1", "matrix": [[1.0, 0.0, 0.0, 0.0], [0.0, 1.0, 0.0, 0.0], [0.0, 0.0, 1.0, 0.0], [0.0, 0.0, 0.0, 1.0]], "source": "10494565", "target": "OBROC_ZUNANJI_608_1"}, {"geometry": "OBROC_NOTRANJI_608_1", "matrix": [[1.0, 0.0, 0.0, 0.0], [0.0, 1.0, 0.0, 0.0], [0.0, 0.0, 1.0, 0.0], [0.0, 0.0, 0.0, 1.0]], "source": "10494565", "target": "OBROC_NOTRANJI_608_1"}, {"geometry": "OBROC_LEVI_608_1", "matrix": [[1.0, 0.0, 0.0, 0.0], [0.0, 1.0, 0.0, 0.0], [0.0, 0.0, 1.0, 0.0], [0.0, 0.0, 0.0, 1.0]], "source": "10494565", "target": "OBROC_LEVI_608_1"}, {"geometry": "OBROC_DESNI_608_1", "matrix": [[1.0, 0.0, 0.0, 0.0], [0.0, 1.0, 0.0, 0.0], [0.0, 0.0, 1.0, 0.0], [0.0, 0.0, 0.0, 1.0]], "source": "10494565", "target": "OBROC_DESNI_608_1"}, {"geometry": "KROGLICA_608_1.7", "matrix": [[1.0, 0.0, 0.0, 0.0], [0.0, 1.0, 0.0, 0.0], [0.0, 0.0, 1.0, 0.0], [0.0, 0.0, 0.0, 1.0]], "source": "10494565", "target": "KROGLICA_608_1.7"}, {"geometry": "KROGLICA_608_1.6", "matrix": [[1.0, 0.0, 0.0, 0.0], [0.0, 1.0, 0.0, 0.0], [0.0, 0.0, 1.0, 0.0], [0.0, 0.0, 0.0, 1.0]], "source": "10494565", "target": "KROGLICA_608_1.6"}, {"geometry": "KROGLICA_608_1.5", "matrix": [[1.0, 0.0, 0.0, 0.0], [0.0, 1.0, 0.0, 0.0], [0.0, 0.0, 1.0, 0.0], [0.0, 0.0, 0.0, 1.0]], "source": "10494565", "target": "KROGLICA_608_1.5"}, {"geometry": "KROGLICA_608_1.4", "matrix": [[1.0, 0.0, 0.0, 0.0], [0.0, 1.0, 0.0, 0.0], [0.0, 0.0, 1.0, 0.0], [0.0, 0.0, 0.0, 1.0]], "source": "10494565", "target": "KROGLICA_608_1.4"}, {"geometry": "KROGLICA_608_1.3", "matrix": [[1.0, 0.0, 0.0, 0.0], [0.0, 1.0, 0.0, 0.0], [0.0, 0.0, 1.0, 0.0], [0.0, 0.0, 0.0, 1.0]], "source": "10494565", "target": "KROGLICA_608_1.3"}, {"geometry": "KROGLICA_608_1.2", "matrix": [[1.0, 0.0, 0.0, 0.0], [0.0, 1.0, 0.0, 0.0], [0.0, 0.0, 1.0, 0.0], [0.0, 0.0, 0.0, 1.0]], "source": "10494565", "target": "KROGLICA_608_1.2"}, {"geometry": "KROGLICA_608_1.1", "matrix": [[1.0, 0.0, 0.0, 0.0], [0.0, 1.0, 0.0, 0.0], [0.0, 0.0, 1.0, 0.0], [0.0, 0.0, 0.0, 1.0]], "source": "10494565", "target": "KROGLICA_608_1.1"}, {"geometry": "KROGLICA_608_1", "matrix": [[1.0, 0.0, 0.0, 0.0], [0.0, 1.0, 0.0, 0.0], [0.0, 0.0, 1.0, 0.0], [0.0, 0.0, 0.0, 1.0]], "source": "10494565", "target": "KROGLICA_608_1"}, {"geometry": "C3474380_KONTAKT_CT_N", "matrix": [[1.0, 0.0, 0.0, 0.12049999833106995], [0.0, -1.0000000000000004, 3.5527136788005016e-14, 0.024314645677804947], [0.0, -3.5527136788005016e-14, -1.0000000000000004, -0.00699999975040555], [0.0, 0.0, 0.0, 1.0]], "source": "10494563", "target": "C3474380_KONTAKT_CT_N.1"}, {"geometry": "C3474380_KONTAKT_CT_N.001", "matrix": [[1.0, 0.0, 0.0, 0.12049999833106995], [0.0, -1.0000000000000004, 3.5527136788005016e-14, 0.024314645677804947], [0.0, -3.5527136788005016e-14, -1.0000000000000004, -0.017000000923871994], [0.0, 0.0, 0.0, 1.0]], "source": "10494563", "target": "C3474380_KONTAKT_CT_N"}, {"geometry": "C2474380_KONTAKTFEDER_CT_N", "matrix": [[0.9258705901352657, -6.609338504951011e-15, -0.3778407737692885, 0.18230727314949036], [6.609338504951011e-15, -0.9999999999999998, 3.368808114580552e-14, 0.03171464055776596], [-0.3778407737692885, -3.368808114580552e-14, -0.9258705901352655, -0.014528299681842327], [0.0, 0.0, 0.0, 1.0]], "source": "10494563", "target": "C2474380_KONTAKTFEDER_CT_N.1"}, {"geometry": "C2474380_KONTAKTFEDER_CT_N.001", "matrix": [[-0.9258705901352655, -1.4595427296480798e-15, 0.3778407737692885, 0.1216927245259285], [1.4595427296480798e-15, -0.9999999999999998, -2.8635088834335255e-16, 0.03171464055776596], [0.3778407737692885, 2.8635088834335255e-16, 0.9258705901352657, 0.014528299681842327], [0.0, 0.0, 0.0, 1.0]], "source": "10494563", "target": "C2474380_KONTAKTFEDER_CT_N"}, {"geometry": "C1474380_STATOR_CT_N", "matrix": [[-2.220446049250313e-16, -1.0000000000000002, 0.0, 0.15199999511241913], [0.0, -2.220446049250313e-16, -1.0000000000000002, 0.03421464189887047], [1.0000000000000002, 0.0, -2.220446049250313e-16, 0.0], [0.0, 0.0, 0.0, 1.0]], "source": "10494563", "target": "C1474380_STATOR_CT_N"}, {"geometry": "4631475A00_VODILO_SCETKE_1.001", "matrix": [[-1.0000000000000004, 0.0, -3.599890025830777e-20, 0.0], [0.0, 1.0, 0.0, -0.009600001387298107], [3.599890025830777e-20, 0.0, -1.0000000000000004, 0.0], [0.0, 0.0, 0.0, 1.0]], "source": "10493728.1", "target": "4631475A00_VODILO_SCETKE_1.001"}, {"matrix": [[-1.0000000000000004, 0.0, -3.599890025830777e-20, 0.0], [0.0, 1.0, 0.0, -0.009600001387298107], [3.599890025830777e-20, 0.0, -1.0000000000000004, 0.0], [0.0, 0.0, 0.0, 1.0]], "source": "10493728.1", "target": "4631465A13_SCETKA_1.001"}, {"geometry": "4631465A13_SCETKA_1.001", "matrix": [[1.0, 0.0, 0.0, 0.0], [0.0, 1.0, 0.0, 0.0], [0.0, 0.0, 1.0, 0.0], [0.0, 0.0, 0.0, 1.0]], "source": "4631465A13_SCETKA_1.001", "target": "4631465A13_SCETKA_1.001_4872e6"}, {"geometry": "4631465A13_SCETKA_1.001_1", "matrix": [[1.0, 0.0, 0.0, 0.0], [0.0, 1.0, 0.0, 0.0], [0.0, 0.0, 1.0, 0.0], [0.0, 0.0, 0.0, 1.0]], "source": "4631465A13_SCETKA_1.001", "target": "4631465A13_SCETKA_1.001_e50b4c"}, {"geometry": "4631475A00_VODILO_SCETKE_1", "matrix": [[-1.0000000000000004, 0.0, 1.863472483959461e-20, 0.0], [0.0, 1.0, 0.0, -0.009600001387298107], [-1.863472483959461e-20, 0.0, -1.0000000000000004, 0.0], [0.0, 0.0, 0.0, 1.0]], "source": "10493728", "target": "4631475A00_VODILO_SCETKE_1"}, {"matrix": [[-1.0000000000000004, 0.0, 1.863472483959461e-20, 0.0], [0.0, 1.0, 0.0, -0.009600001387298107], [-1.863472483959461e-20, 0.0, -1.0000000000000004, 0.0], [0.0, 0.0, 0.0, 1.0]], "source": "10493728", "target": "4631465A13_SCETKA_1"}, {"geometry": "4631465A13_SCETKA_1", "matrix": [[1.0, 0.0, 0.0, 0.0], [0.0, 1.0, 0.0, 0.0], [0.0, 0.0, 1.0, 0.0], [0.0, 0.0, 0.0, 1.0]], "source": "4631465A13_SCETKA_1", "target": "4631465A13_SCETKA_1_3d76b3"}, {"geometry": "4631465A13_SCETKA_2", "matrix": [[1.0, 0.0, 0.0, 0.0], [0.0, 1.0, 0.0, 0.0], [0.0, 0.0, 1.0, 0.0], [0.0, 0.0, 0.0, 1.0]], "source": "4631465A13_SCETKA_1", "target": "4631465A13_SCETKA_1_ec310c"}]}